# Created by Octave 3.6.4, Sun May 26 15:30:20 2013 CEST <gs@gs>
# name: g
# type: matrix
# rows: 1
# columns: 4
 22.77698155716455 0.7012992674982677 1.230051087298855 0.06476657335956443


