# Created by Octave 3.6.4, Sun May 26 18:12:56 2013 CEST <gs@gs>
# name: polar_data
# type: matrix
# rows: 25
# columns: 2
 0 34.25740692047011
 15 33.19555371703119
 30 31.66488932529198
 45 29.74866090382094
 60 28.62231962238452
 75 28.42336511000143
 90 28.84256190226179
 105 30.22847801517289
 120 31.76551927018168
 135 33.51712018373864
 150 35.22315997382714
 165 35.69839308458513
 180 34.89524847678608
 195 32.9644377329258
 210 31.19277065643361
 225 29.83746287666817
 240 28.88887301642727
 255 28.37853330383423
 270 28.97260888024301
 285 30.30995639257228
 300 31.55382342095915
 315 33.60476300827587
 330 35.45918430159816
 345 35.38943767629997
 0 34.25740692047011


