# Created by Octave 3.6.4, Sun May 26 16:06:13 2013 CEST <gs@gs>
# name: WlD
# type: matrix
# rows: 7
# columns: 3
 0.019991135 1.221730476396031 0.08726646259971647
 0.03198581600000001 1.919862177193763 0.08726646259971647
 0.03998227 1.74532925199433 0.08726646259971647
 0.047978724 2.094395102393195 0.08726646259971647
 0.05997340500000001 1.919862177193763 0.08726646259971647
 0.06397163200000001 2.443460952792061 0.08726646259971647
 0.07996454 2.443460952792061 0.08726646259971647


