# Created by Octave 3.6.4, Sun May 26 16:06:13 2013 CEST <gs@gs>
# name: WrD
# type: matrix
# rows: 7
# columns: 3
 0.019991135 0.6981317007977318 0.08726646259971647
 0.03198581600000001 1.396263401595464 0.08726646259971647
 0.03998227 1.221730476396031 0.08726646259971647
 0.047978724 1.74532925199433 0.08726646259971647
 0.05997340500000001 2.094395102393195 0.08726646259971647
 0.06397163200000001 2.268928027592628 0.08726646259971647
 0.07996454 2.268928027592628 0.08726646259971647


