# Created by Octave 3.6.4, Sun May 26 13:53:26 2013 CEST <gs@gs>
# name: WrD
# type: matrix
# rows: 7
# columns: 3
 19.991135 50 5
 31.985816 90 5
 39.98227000000001 80 5
 47.97872400000001 110 5
 59.973405 130 5
 63.971632 140 5
 79.96454000000001 140 5


