# Created by Octave 3.6.4, Sun May 26 00:43:36 2013 CEST <gs@gs>
# name: WlD
# type: matrix
# rows: 7
# columns: 3
 19.991135 60 5
 31.985816 100 5
 39.98227000000001 90 5
 47.97872400000001 110 5
 59.973405 100 5
 63.971632 130 5
 79.96454000000001 130 5


