# Created by Octave 3.6.2, Sat May 11 18:15:09 2013 CEST <timo@FBI-11T4>
# name: d4
# type: matrix
# rows: 14
# columns: 2
 0.3047619047619047 0.01280614900391595
 0.6095238095238095 0.03682243332128542
 0.7619047619047619 0.06820344205378261
 0.8533333333333334 0.1145161441030339
 0.8838095238095237 0.1434294296310343
 0.9142857142857143 0.1873768997127352
 0.9295238095238095 0.2184272009633038
 0.9447619047619048 0.2583238962603587
 0.9599999999999999 0.3095619433877881
 0.9752380952380952 0.3738135668321488
 1.066666666666667 0.7619515341659814
 1.219047619047619 0.9070848689209575
 1.523809523809524 0.9563163114030679
 1.828571428571429 0.9703304029742561


