# Created by Octave 3.6.2, Sat May 11 18:15:15 2013 CEST <timo@FBI-11T4>
# name: d6
# type: matrix
# rows: 12
# columns: 2
 0.290909090909091 0.02553890833182531
 0.5818181818181819 0.06969827398007399
 0.7272727272727273 0.1185315410323907
 0.8727272727272728 0.2378430726801816
 0.901818181818182 0.2816876304589991
 0.9163636363636364 0.3074616676634374
 0.9309090909090911 0.3359516038768811
 0.9600000000000002 0.4006137724694997
 1.018181818181818 0.5450385877101948
 1.163636363636364 0.7791966243305497
 1.454545454545455 0.8985851336995638
 1.745454545454546 0.9323541373692443


