# Created by Octave 3.6.2, Sat May 11 15:05:48 2013 CEST <timo@FBI-11T4>
# name: b
# type: matrix
# rows: 101
# columns: 2
 1 0
 1 0.1
 1 0.2
 1 0.3
 1 0.4
 1 0.5
 1 0.6000000000000001
 1 0.7000000000000001
 1 0.8
 1 0.9
 1 1
 1 1.1
 1 1.2
 1 1.3
 1 1.4
 1 1.5
 1 1.6
 1 1.7
 1 1.8
 1 1.9
 1 2
 1 2.1
 1 2.2
 1 2.3
 1 2.4
 1 2.5
 1 2.6
 1 2.7
 1 2.8
 1 2.9
 1 3
 1 3.1
 1 3.2
 1 3.3
 1 3.4
 1 3.5
 1 3.6
 1 3.7
 1 3.8
 1 3.9
 1 4
 1 4.100000000000001
 1 4.2
 1 4.3
 1 4.4
 1 4.5
 1 4.600000000000001
 1 4.7
 1 4.800000000000001
 1 4.9
 1 5
 1 5.100000000000001
 1 5.2
 1 5.300000000000001
 1 5.4
 1 5.5
 1 5.600000000000001
 1 5.7
 1 5.800000000000001
 1 5.9
 1 6
 1 6.100000000000001
 1 6.2
 1 6.300000000000001
 1 6.4
 1 6.5
 1 6.600000000000001
 1 6.7
 1 6.800000000000001
 1 6.9
 1 7
 1 7.100000000000001
 1 7.2
 1 7.300000000000001
 1 7.4
 1 7.5
 1 7.600000000000001
 1 7.7
 1 7.800000000000001
 1 7.9
 1 8
 1 8.1
 1 8.200000000000001
 1 8.300000000000001
 1 8.4
 1 8.5
 1 8.6
 1 8.700000000000001
 1 8.800000000000001
 1 8.9
 1 9
 1 9.1
 1 9.200000000000001
 1 9.300000000000001
 1 9.4
 1 9.5
 1 9.600000000000001
 1 9.700000000000001
 1 9.800000000000001
 1 9.9
 1 10


