# Created by Octave 3.6.2, Tue May 07 12:10:28 2013 CEST <timo@FBI-11T4>
# name: b
# type: matrix
# rows: 4
# columns: 1
 0.03668584208511111
 0.123508307429025
 0.2732236969474982
 0.4758456483550394


