# Created by Octave 3.6.2, Fri May 10 23:59:26 2013 CEST <timo@FBI-11T4>
# name: d4
# type: matrix
# rows: 14
# columns: 2
 0.3047619047619048 1
 0.6095238095238096 1.411764705882353
 0.7619047619047619 2.074584857866592
 0.8533333333333334 3.153560371517028
 0.8838095238095237 4.004334365325078
 0.9142857142857143 5.950464396284831
 0.9295238095238095 6.885899240078807
 0.9447619047619048 7.302786377708979
 0.96 6.860061919504645
 0.9752380952380952 6.204334365325078
 1.066666666666667 3.639009287925697
 1.219047619047619 1.688544891640867
 1.523809523809524 0.6715170278637771
 1.828571428571429 0.390092879256966


