# Created by Octave 3.6.2, Sat May 11 00:02:48 2013 CEST <timo@FBI-11T4>
# name: d6
# type: matrix
# rows: 12
# columns: 2
 0.290909090909091 1
 0.5818181818181819 1.387375415282392
 0.7272727272727273 1.945514950166113
 0.8727272727272727 3.368770764119601
 0.9018181818181819 3.711627906976744
 0.9163636363636364 3.835658914728683
 0.9309090909090909 3.735271317829457
 0.9600000000000001 3.58953488372093
 1.018181818181818 2.883005366726297
 1.163636363636364 1.606644518272425
 1.454545454545455 0.641860465116279
 1.745454545454545 0.3627906976744186


