# Created by Octave 3.6.2, Sat May 11 00:03:01 2013 CEST <timo@FBI-11T4>
# name: d8
# type: matrix
# rows: 11
# columns: 2
 0.32 1
 0.64 1.34045393858478
 0.8 1.780373831775701
 0.96 2.519859813084112
 1.024 2.657632398753894
 1.04 2.663551401869159
 1.056 2.57543391188251
 1.12 2.245327102803738
 1.28 1.401869158878505
 1.6 0.616822429906542
 1.92 0.3644859813084112


