# Created by Octave 3.6.2, Sat May 11 18:15:22 2013 CEST <timo@FBI-11T4>
# name: d8
# type: matrix
# rows: 11
# columns: 2
 0.32 0.05446480410367129
 0.64 0.1539887033109359
 0.8 0.2618090895557925
 0.96 0.4468664724717887
 1.024 0.5310545157633366
 1.04 0.5510845533315686
 1.056 0.570430643732697
 1.12 0.6394963284608719
 1.28 0.7545497013217827
 1.6 0.8531505088448734
 1.92 0.8938508018335453


