# Created by Octave 3.6.2, Sat May 11 16:50:01 2013 CEST <timo@FBI-11T4>
# name: a
# type: scalar
0.3312314117440133


