# Created by Octave 3.6.2, Tue May 07 12:00:18 2013 CEST <timo@FBI-11T4>
# name: c
# type: matrix
# rows: 4
# columns: 1
 0.328125
 0.328125
 0.34375
 0.3125


