# Created by Octave 3.6.2, Fri May 10 19:14:22 2013 CEST <timo@FBI-11T4>
# name: a
# type: matrix
# rows: 4
# columns: 1
 0.01491841491841492
 0.01559454191033138
 0.02027883396704689
 0.02328966521106259


