# Created by Octave 3.6.2, Sun May 05 17:53:18 2013 CEST <timo@FBI-11T4>
# name: l
# type: matrix
# rows: 4
# columns: 1
 0.1118044711165291
 0.3764062702598858
 0.7948325729381767
 1.522706074736126


